1 1.3168e-17 3.0773e-18 -2.3283e-10 1.3084e-17 1 -3.7544e-20 -4.6566e-10 -6.5255e-19 3.545e-18 1 1.4552e-11
1 -7.2539e-05 7.7381e-05 0.0016309 7.254e-05 1 -3.4034e-06 -0.0013747 -7.7381e-05 3.409e-06 1 -0.00051413
1 -7.2573e-05 4.5365e-05 0.0027729 7.2573e-05 1 8.5996e-06 -0.0025568 -4.5365e-05 -8.5964e-06 1 -0.00074173
1 -0.00012296 6.5002e-05 0.0040935 0.00012296 1 -1.6739e-06 -0.0034393 -6.5002e-05 1.6819e-06 1 -0.0018349
1 3.9009e-06 -3.1277e-06 0.0053711 -3.901e-06 1 -5.5978e-05 -0.0043283 3.1275e-06 5.5978e-05 1 -0.0027292
1 2.9639e-05 8.1083e-05 0.0065732 -2.9632e-05 1 -8.9855e-05 -0.0050606 -8.1086e-05 8.9853e-05 1 -0.0036587
1 3.9401e-05 4.2749e-05 0.0075933 -3.94e-05 1 -3.4794e-05 -0.0057359 -4.2751e-05 3.4793e-05 1 -0.0044363
1 3.0761e-05 5.4035e-05 0.0079962 -3.0759e-05 1 -2.7843e-05 -0.0064798 -5.4036e-05 2.7842e-05 1 -0.0031626
1 7.3058e-05 6.361e-07 0.0085545 -7.3058e-05 1 -9.1602e-05 -0.0071521 -6.4279e-07 9.1602e-05 1 -0.0025638
1 6.2479e-05 -4.8045e-05 0.0087238 -6.2481e-05 1 -5.7648e-05 -0.0077525 4.8041e-05 5.7651e-05 1 -0.0019041
1 2.9566e-05 1.7053e-05 0.0093182 -2.9565e-05 1 -6.7842e-05 -0.0081534 -1.7055e-05 6.7842e-05 1 -0.0022151
1 1.4378e-05 -1.9474e-05 0.0094183 -1.4379e-05 1 -1.9918e-05 -0.0078578 1.9474e-05 1.9918e-05 1 -0.0026832
1 0.0001001 -2.9253e-05 0.0089381 -0.00010011 1 -7.2446e-05 -0.0074632 2.9246e-05 7.2449e-05 1 -0.0024643
1 5.1452e-05 -7.9703e-05 0.0086825 -5.1454e-05 1 -2.4701e-05 -0.0072701 7.9702e-05 2.4705e-05 1 -0.0023317
1 0.00010107 -3.028e-05 0.0080171 -0.00010107 1 -2.3441e-05 -0.0070101 3.0277e-05 2.3444e-05 1 -0.0012678
1 7.7313e-05 -8.4537e-05 0.0082538 -7.7311e-05 1 2.2443e-05 -0.0071742 8.4539e-05 -2.2436e-05 1 -0.0014317
1 0.00019696 -3.5379e-05 0.0080055 -0.00019696 1 -2.1914e-05 -0.006596 3.5374e-05 2.1921e-05 1 -0.0021971
1 0.00011507 -6.1746e-05 0.0081677 -0.00011507 1 -2.3549e-06 -0.006424 6.1745e-05 2.362e-06 1 -0.00286
1 0.00021579 -7.1995e-05 0.0080029 -0.00021579 1 2.8204e-05 -0.005906 7.2001e-05 -2.8188e-05 1 -0.0035476
1 0.00024135 -8.5826e-05 0.0080229 -0.00024135 1 3.1351e-05 -0.0057041 8.5833e-05 -3.133e-05 1 -0.0037069
1 0.00023013 -0.00015451 0.0079752 -0.00023013 1 -1.2683e-05 -0.0051873 0.00015451 1.2719e-05 1 -0.0037233
1 0.00031602 -3.521e-05 0.0078325 -0.00031602 1 1.9738e-05 -0.0043986 3.5216e-05 -1.9727e-05 1 -0.0036717
1 0.0003031 -0.00015684 0.0076746 -0.00030309 1 8.3726e-05 -0.0035329 0.00015686 -8.3679e-05 1 -0.0040652
1 0.00036294 -6.9728e-05 0.0073672 -0.00036293 1 5.7014e-05 -0.0019628 6.9748e-05 -5.6989e-05 1 -0.0057172
1 0.00047018 -9.5166e-05 0.0075845 -0.00047016 1 0.00011962 -0.00077575 9.5222e-05 -0.00011958 1 -0.007375
1 0.00046056 -2.0825e-05 0.0073799 -0.00046056 1 0.00010452 0.00062269 2.0873e-05 -0.00010451 1 -0.0090221
1 0.00048217 -0.00012658 0.0068321 -0.00048216 1 0.00010371 0.00045716 0.00012663 -0.00010365 1 -0.0086015
1 0.00044312 -9.6315e-05 0.0062447 -0.00044311 1 7.7472e-05 0.00025488 9.635e-05 -7.7429e-05 1 -0.0076453
1 0.00049788 -0.00016709 0.0056141 -0.00049786 1 0.00012082 -0.0001256 0.00016715 -0.00012074 1 -0.0064387
1 0.00053933 -0.00012242 0.0048671 -0.00053932 1 8.3023e-05 -0.00021472 0.00012247 -8.2957e-05 1 -0.0055463
1 0.00056409 -0.00013021 0.0048417 -0.00056408 1 0.00010517 -7.2349e-05 0.00013027 -0.00010509 1 -0.0057187
1 0.00060701 -0.00013358 0.0044486 -0.00060699 1 0.00012641 -0.00045867 0.00013366 -0.00012633 1 -0.0039025
1 0.00070918 -9.8866e-05 0.0043845 -0.00070917 1 9.9945e-05 -0.00034453 9.8937e-05 -9.9875e-05 1 -0.0036769
1 0.00074397 -0.00013698 0.0042774 -0.00074395 1 0.00013817 -0.00016074 0.00013708 -0.00013807 1 -0.003499
1 0.00073226 -9.6598e-05 0.0042958 -0.00073225 1 0.00011407 -0.00024357 9.6681e-05 -0.000114 1 -0.0033285
1 0.00061475 -0.00017285 0.0046442 -0.00061473 1 0.00012548 -0.00060122 0.00017293 -0.00012538 1 -0.0034563
1 0.00076328 -6.5558e-05 0.0047987 -0.00076327 1 0.00014121 -0.0010106 6.5666e-05 -0.00014116 1 -0.0022683
1 0.00073262 -8.5577e-05 0.0055056 -0.00073261 1 0.00015006 -0.0012334 8.5687e-05 -0.00015 1 -0.0022345
1 0.00088383 -0.00011249 0.0060438 -0.00088381 1 0.00010692 -0.0020892 0.00011258 -0.00010683 1 -0.0014464
1 0.00082898 -1.3673e-05 0.0065442 -0.00082898 1 0.00010452 -0.0021637 1.376e-05 -0.00010451 1 -0.0017826
1 0.0008296 -0.00011873 0.0071558 -0.00082958 1 0.00012563 -0.0029223 0.00011883 -0.00012553 1 -0.00093705
1 0.00085442 -3.1493e-05 0.0077705 -0.00085441 1 0.00011368 -0.0036792 3.159e-05 -0.00011365 1 9.1651e-05
1 0.00085049 -9.141e-05 0.0084226 -0.00085048 1 9.8718e-05 -0.0044393 9.1494e-05 -9.8641e-05 1 0.00093705
1 0.00079628 -3.6408e-06 0.0090576 -0.00079628 1 7.3334e-05 -0.0059705 3.6992e-06 -7.3331e-05 1 0.0029372
1 0.00080109 -7.1836e-05 0.0094159 -0.00080109 1 6.7427e-05 -0.0072644 7.189e-05 -6.7369e-05 1 0.0048548
1 0.00078052 -7.367e-05 0.009922 -0.00078052 1 7.2315e-05 -0.008194 7.3727e-05 -7.2258e-05 1 0.0064317
1 0.00075995 -7.5505e-05 0.010428 -0.00075995 1 7.7204e-05 -0.0091236 7.5564e-05 -7.7147e-05 1 0.0080085
1 0.00080966 -2.3071e-05 0.010267 -0.00080966 1 8.6426e-05 -0.0097256 2.3141e-05 -8.6407e-05 1 0.010975
1 0.00078033 -6.4157e-05 0.010788 -0.00078032 1 7.5305e-05 -0.010414 6.4216e-05 -7.5255e-05 1 0.012445
1 0.00081292 -7.7228e-05 0.010878 -0.00081292 1 5.7497e-05 -0.011091 7.7274e-05 -5.7434e-05 1 0.013245
1 0.0008872 -7.5834e-06 0.011189 -0.0008872 1 5.8832e-05 -0.011338 7.6356e-06 -5.8825e-05 1 0.013572
1 0.00089305 -0.00013678 0.0115 -0.00089303 1 0.000124 -0.010717 0.00013689 -0.00012388 1 0.013016
1 0.00089714 -4.0853e-05 0.011598 -0.00089713 1 0.00013392 -0.010652 4.0973e-05 -0.00013388 1 0.013135
1 0.001006 -0.00010843 0.011852 -0.001006 1 9.3596e-05 -0.010642 0.00010852 -9.3487e-05 1 0.013943
1 0.00095267 -0.00011865 0.012268 -0.00095265 1 0.00015831 -0.010196 0.00011881 -0.0001582 1 0.013422
1 0.00095876 -0.00011585 0.01261 -0.00095874 1 0.00015634 -0.0094393 0.000116 -0.00015623 1 0.012587
1 0.0010218 -8.4834e-05 0.01266 -0.0010218 1 0.00018165 -0.0088136 8.5019e-05 -0.00018157 1 0.0122
1 0.00096288 -4.9954e-05 0.012793 -0.00096287 1 0.00015129 -0.0086135 5.01e-05 -0.00015124 1 0.012575
1 0.00097198 -0.00010922 0.012817 -0.00097196 1 0.00021041 -0.0084511 0.00010942 -0.0002103 1 0.013378
1 0.0010363 -0.00013031 0.012643 -0.0010363 1 0.00019779 -0.0082183 0.00013051 -0.00019765 1 0.013494
1 0.0011046 -0.00015353 0.012423 -0.0011046 1 0.0001762 -0.0076758 0.00015373 -0.00017603 1 0.01421
1 0.0010641 -0.00010623 0.012673 -0.0010641 1 0.00015691 -0.0072895 0.0001064 -0.0001568 1 0.014105
1 0.0010733 -0.00019448 0.012812 -0.0010733 1 0.00023608 -0.0066872 0.00019474 -0.00023587 1 0.014298
1 0.0010856 -0.00015389 0.012406 -0.0010856 1 0.00020409 -0.0060845 0.00015411 -0.00020393 1 0.015442
1 0.0011595 -0.00031428 0.012231 -0.0011594 1 0.00025772 -0.0058693 0.00031458 -0.00025736 1 0.016443
1 0.0011974 -0.00022351 0.012055 -0.0011974 1 0.00020681 -0.0052291 0.00022376 -0.00020654 1 0.017339
1 0.0012237 -0.00027637 0.01214 -0.0012237 1 0.00021603 -0.0048169 0.00027664 -0.0002157 1 0.017799
1 0.0011745 -0.00025079 0.012095 -0.0011745 1 0.00020772 -0.0042215 0.00025103 -0.00020743 1 0.019215
1 0.0011807 -0.00021501 0.011865 -0.0011807 1 0.00017471 -0.0039855 0.00021521 -0.00017445 1 0.020262
1 0.0012008 -0.00027454 0.011604 -0.0012007 1 0.0002919 -0.0029441 0.00027489 -0.00029157 1 0.020154
1 0.0012454 -0.00025601 0.012064 -0.0012454 1 0.00025013 -0.0023229 0.00025632 -0.00024981 1 0.019459
1 0.0013193 -0.00029235 0.012138 -0.0013192 1 0.0002846 -0.0018669 0.00029273 -0.00028422 1 0.019704
1 0.0012918 -0.0002755 0.012093 -0.0012918 1 0.00025442 -0.0013686 0.00027583 -0.00025406 1 0.020482
1 0.0013462 -0.00035923 0.011945 -0.0013461 1 0.00029486 -0.0012616 0.00035963 -0.00029437 1 0.021807
1 0.0013434 -0.00025713 0.012096 -0.0013434 1 0.00026569 -3.2912e-05 0.00025749 -0.00026534 1 0.021034
1 0.0014409 -0.00033924 0.012483 -0.0014408 1 0.00029937 0.00084392 0.00033968 -0.00029888 1 0.021095
1 0.001462 -0.00027191 0.01343 -0.0014619 1 0.00028638 0.0018999 0.00027232 -0.00028598 1 0.020155
1 0.0014572 -0.00026771 0.014228 -0.0014571 1 0.00031235 0.0027247 0.00026816 -0.00031196 1 0.019468
